Exact RSF-looking equation set (best multistart exact-form fit)
dtau/dt = 2.852472e-03*(V_drive - V)
dV/dt = (1/2.519965e-02) * [tau - sigmaN*(9.042632e-12 + 7.146679e-01*log(V/V0) + 1.671089e-01*log(theta*V0/1.518258e+01))]
dtheta/dt = 1 - V*theta/1.518258e+01

Reduced RSF fallback used as final best usable velocity law
dV/dt = 7.937418e+02 - 3.952640e+01*sigmaN - 9.497244e-01*sigmaN_logV