dtau/dt = -1.185399e+01 + 8.554958e-01*tau + 9.460545e-04*V
dV/dt = -4.111009e+02 + 1.934997e+05*tau + 1.211850e-01*V + -3.674913e+01*ln(V) + -1.934550e+05*tau(t-1)
